3.26189	3.23715	3.31144	3.38814	3.29609
3.1114	3.31358	3.08282	3.52649	3.22567
3.00809	3.05628	3.07305	3.19899	3.07895
3.10093	3.04713	3.0635	3.04015	3.06218
2.98371	2.88309	2.66879	2.81627	2.82257
2.71937	2.86484	2.83951	2.87891	2.82122
2.83179	2.77865	2.74358	2.78063	2.78247
2.79441	2.75487	2.69637	2.71287	2.73787
2.64074	2.66713	2.68434	2.70049	2.67271
2.61968	2.72362	2.59519	2.70049	2.65668
2.63008	2.63786	2.58248	2.63984	2.62198
2.7237	2.48182	2.51849	2.83802	2.61687
2.64074	2.56621	2.69637	2.53357	2.60437
2.67829	2.54568	2.54931	2.49892	2.56287
2.53858	2.59733	2.45326	2.54767	2.53119
2.45348	2.39054	2.40478	2.50668	2.43661
2.28772	2.25654	2.27253	2.28445	2.27512
2.26125	2.22375	2.2963	2.22712	2.25102
2.15565	2.11051	2.02182	1.98353	2.06235
2.07945	2.03547	2.07759	2.04561	2.05902
2.0523	2.01021	1.99226	2.06521	2.02902
2.03842	1.9153	1.96685	1.97644	1.97197
1.96395	1.92289	1.97858	1.94845	1.95293
1.93633	1.9045	1.83496	1.90851	1.89447
1.83686	1.8464	1.7965	1.79701	1.81858
1.78653	1.80663	1.81095	1.76868	1.79284
1.70619	1.67274	1.71181	1.71775	1.70178
1.66524	1.64383	1.65108	1.63079	1.6475
1.61903	1.60414	1.57892	1.57157	1.59295
1.58101	1.59098	1.56862	1.59736	1.58441
1.54743	1.54663	1.54233	1.52398	1.53995
1.50878	1.54482	1.51888	1.47129	1.51013
1.5099	1.51203	1.51264	1.48529	1.50478
1.51301	1.49363	1.47063	1.53177	1.50175
1.47415	1.43078	1.42295	1.44137	1.44186
1.45827	1.42192	1.44169	1.43661	1.43939
1.3489	1.34698	1.34377	1.3309	1.34255
1.24778	1.25145	1.24679	1.2457	1.24793
1.23722	1.16961	1.3091	1.2217	1.23177
1.19292	1.18558	1.16461	1.18375	1.1816
1.17475	1.15547	1.1479	1.13437	1.15284
1.11073	1.11382	1.1046	1.10687	1.10899
1.0776	1.07887	1.06192	1.05759	1.06888
1.08582	1.05828	1.04029	1.06728	1.06264
1.00029	1.08242	1.01738	1.07523	1.04278
1.03048	1.03901	1.0478	1.04244	1.03991
1.03185	1.04882	1.02044	1.05879	1.03983
1.054	1.03386	1.0351	1.02968	1.03803
0.961664	0.938609	0.965478	0.988066	0.963199
0.930821	0.90055	0.861805	0.904745	0.898914
0.869864	0.850667	0.85207	0.843946	0.85401
0.808371	0.827407	0.82973	0.83925	0.826137
0.818873	0.789314	0.790902	0.779405	0.794373
0.796878	0.770189	0.773746	0.769705	0.777476
0.686838	0.749744	0.690188	0.744916	0.717384
0.725163	0.706369	0.677118	0.714014	0.705419
0.717108	0.712064	0.678254	0.714192	0.705227
0.691136	0.691596	0.682933	0.688638	0.688567
0.653258	0.706192	0.656768	0.702224	0.67927
0.661789	0.651164	0.649646	0.638337	0.650143
0.649579	0.638508	0.628817	0.624872	0.63534
0.626053	0.641556	0.61323	0.63972	0.630088
0.641792	0.6276	0.619205	0.619165	0.626845
0.61952	0.598571	0.591421	0.576915	0.596373
0.593613	0.574895	0.595599	0.590397	0.588562
0.575126	0.551707	0.56839	0.575065	0.567501
0.561289	0.553177	0.547697	0.542223	0.551034
0.563036	0.540603	0.533985	0.528503	0.541364
0.534716	0.528688	0.536176	0.55842	0.539456
0.476139	0.475026	0.451715	0.468797	0.467867
0.430178	0.404238	0.422691	0.454749	0.427823
0.417367	0.418375	0.415714	0.4182	0.417416
0.433252	0.403159	0.394239	0.41128	0.410342
0.429722	0.41364	0.399424	0.394859	0.409264
0.404398	0.392352	0.407818	0.422895	0.406829
0.396514	0.380758	0.384575	0.386962	0.387166
0.396554	0.36493	0.358102	0.369381	0.372097
0.378991	0.311621	0.352654	0.335788	0.344399
0.329227	0.319779	0.331605	0.348637	0.332293
0.3366	0.332027	0.301201	0.331276	0.325205
0.244725	0.288499	0.252167	0.293158	0.269588
0.258997	0.251427	0.26619	0.259833	0.259095
0.237126	0.201591	0.259055	0.256803	0.238483
0.227002	0.213641	0.225817	0.233813	0.225057
0.205995	0.21733	0.203445	0.210351	0.209289
0.160517	0.156543	0.160532	0.164416	0.160505
0.146392	0.14501	0.150737	0.133952	0.14399
0.150506	0.141744	0.132159	0.148474	0.143213
0.145314	0.134126	0.129025	0.1286	0.134231
0.131807	0.126893	0.104329	0.128369	0.122838
0.121501	0.129147	0.105818	0.120656	0.119282
0.118363	0.125667	0.108929	0.121084	0.11852
0.112495	0.10207	0.110652	0.0990322	0.106028
0.0853472	0.0894937	0.0924089	0.0883817	0.0889109
0.077515	0.0545063	0.102378	0.0951739	0.0823595
0.0927294	0.0802251	0.0531714	0.056446	0.0705687
0.0640932	0.0481257	0.0405837	0.0416732	0.0485772
0.0517868	0.0590999	0.0261203	0.0479871	0.0462531
0.0469557	0.0480606	0.0299385	0.0487969	0.0434488
-0.0104177	0.0290774	-0.00785677	0.0308039	0.0104929
-0.0223789	0.00363333	0.00479222	-0.00321312	-0.00425633
-0.0537596	-0.0520641	-0.0834834	-0.0537873	-0.0607398
-0.0628418	-0.06523	-0.0680442	-0.0664745	-0.0656522
-0.0788029	-0.073588	-0.0805561	-0.0752843	-0.0770465
-0.0709153	-0.0815668	-0.0811809	-0.0841747	-0.0794809
-0.0864719	-0.0891659	-0.0908926	-0.0874682	-0.0885001
-0.0937566	-0.0897232	-0.0949814	-0.085381	-0.0909407
-0.120532	-0.115746	-0.108664	-0.11684	-0.11544
-0.12237	-0.123217	-0.142052	-0.119866	-0.126847
-0.130734	-0.12991	-0.129659	-0.12761	-0.129473
-0.167271	-0.162884	-0.176777	-0.181311	-0.172065
-0.175102	-0.187782	-0.179054	-0.17226	-0.178542
-0.19336	-0.196226	-0.189691	-0.189352	-0.192152
-0.207901	-0.192919	-0.213108	-0.200555	-0.20358
-0.210989	-0.216709	-0.188256	-0.209017	-0.206226
-0.211232	-0.214296	-0.202688	-0.215218	-0.210866
-0.184331	-0.223658	-0.232768	-0.223197	-0.215958
-0.229492	-0.238933	-0.230914	-0.235826	-0.233803
-0.265232	-0.244291	-0.247427	-0.247504	-0.251057
-0.253073	-0.258667	-0.257704	-0.253287	-0.255682
-0.263725	-0.26246	-0.273072	-0.262799	-0.265499
-0.271205	-0.268471	-0.264153	-0.263329	-0.266774
-0.262541	-0.288824	-0.276669	-0.27031	-0.274575
-0.288875	-0.28839	-0.292245	-0.292905	-0.290607
-0.290556	-0.295858	-0.3055	-0.312989	-0.301231
-0.31577	-0.33027	-0.324447	-0.315375	-0.321453
-0.327607	-0.327993	-0.325157	-0.326261	-0.326753
-0.332776	-0.319742	-0.330365	-0.331611	-0.328603
-0.332927	-0.323489	-0.349023	-0.321415	-0.331628
-0.351142	-0.336413	-0.325643	-0.325483	-0.334584
-0.339791	-0.343872	-0.325494	-0.343435	-0.338142
-0.347499	-0.343041	-0.346051	-0.344414	-0.345243
-0.341275	-0.35119	-0.361222	-0.352763	-0.351605
-0.352372	-0.358288	-0.359641	-0.353901	-0.356049
-0.376787	-0.36624	-0.376956	-0.368304	-0.372039
-0.372784	-0.384595	-0.380994	-0.383719	-0.380535
-0.378046	-0.389786	-0.388643	-0.388686	-0.3863
-0.389764	-0.393538	-0.398625	-0.385711	-0.391888
-0.367392	-0.403199	-0.40287	-0.395964	-0.392304
-0.394672	-0.392234	-0.400585	-0.392968	-0.395101
-0.382227	-0.398178	-0.406569	-0.397426	-0.396085
-0.407918	-0.39965	-0.404959	-0.403175	-0.403909
-0.422537	-0.417888	-0.435346	-0.41574	-0.422825
-0.424349	-0.419674	-0.433273	-0.416506	-0.423407
-0.419169	-0.418253	-0.438214	-0.42176	-0.424307
-0.421879	-0.428038	-0.427617	-0.428592	-0.42654
-0.432129	-0.43198	-0.441717	-0.43129	-0.434262
-0.461172	-0.433256	-0.450491	-0.423829	-0.441995
-0.457234	-0.453837	-0.466236	-0.452108	-0.457321
-0.455016	-0.464987	-0.461441	-0.465265	-0.461688
-0.462717	-0.465584	-0.454592	-0.466072	-0.462242
-0.463405	-0.470164	-0.460203	-0.470761	-0.466141
-0.476401	-0.476192	-0.454592	-0.462719	-0.467416
