4.77734	5.07703	5.07856	5.0629	4.97735
4.47631	4.776	4.37958	4.58577	4.53019
4.60125	4.37805	4.60143	4.46083	4.50022
4.60125	4.47496	4.47649	4.36391	4.47219
4.03695	4.29886	4.37958	4.36391	4.24494
3.96439	4.29886	4.37958	4.46083	4.22915
4.12411	4.0356	4.03713	4.28473	4.10809
4.37939	4.47496	3.68053	4.46083	4.09651
4.12411	3.79821	4.30039	4.36391	4.08523
3.99916	4.17391	3.90242	4.36391	4.07423
3.84787	4.47496	3.87439	4.28473	4.04282
3.71657	3.99781	3.96458	4.58577	3.96871
3.71657	3.61453	4.12429	3.55763	3.70776
3.64692	3.53284	3.37081	3.7618	3.55236
3.54678	3.54543	3.6471	3.41928	3.53319
4.03695	3.5998	3.99934	3.11809	3.52698
3.69808	3.15765	3.90242	3.66487	3.50888
3.29283	3.40476	3.6635	3.58567	3.46134
3.31474	4.23191	3.09144	4.21778	3.44829
3.36219	3.29148	3.22705	4.06286	3.38835
3.46545	3.08991	3.68053	3.32233	3.33767
3.03659	3.19026	3.15398	3.15951	3.1307
3.07802	3.06382	3.00996	2.98691	3.03346
2.68833	3.05962	2.7682	3.0372	2.85684
2.84988	2.7221	2.53698	3.27734	2.77088
2.57893	2.88334	2.74535	2.72163	2.71885
2.63021	2.70883	2.72557	2.64196	2.67498
2.78764	3.10356	2.51734	2.42478	2.63991
2.51001	2.75613	2.26734	2.59345	2.49424
2.49837	2.67818	2.16017	2.85818	2.46749
2.49607	2.69959	2.36151	2.33253	2.4513
2.4149	2.60762	2.24294	2.534	2.42649
2.99158	2.04868	2.5102	2.47486	2.38787
2.01617	2.10047	1.95119	2.08205	2.03304
1.69477	1.50843	1.57654	1.54724	1.57698
1.57736	1.57554	1.57124	1.55988	1.57105
1.45966	1.90553	1.53223	1.29814	1.50334
1.33505	1.71209	1.46923	1.20481	1.39707
1.31661	1.68268	0.818787	1.43674	1.20589
1.28878	1.67959	0.8167	1.43345	1.19832
1.28428	1.68195	0.815249	1.43553	1.19714
1.19734	1.15086	0.935209	1.15945	1.09923
0.912971	1.39058	0.748331	1.18718	1.00257
0.99372	0.987572	0.99189	1.00625	0.994719
0.790786	0.724157	0.790095	0.749384	0.76311
0.73497	0.532871	0.808456	0.594119	0.659524
0.536917	0.513705	0.436606	0.521049	0.500986
0.431046	0.461625	0.490808	0.448323	0.457768
0.322707	0.346391	0.470833	0.317799	0.363036
0.305006	0.452145	0.368374	0.328589	0.362316
0.323487	0.356269	0.383045	0.372774	0.358547
0.23811	0.278515	0.232696	0.262102	0.252639
0.228112	0.289893	0.14898	0.270361	0.233114
0.243947	0.251977	0.19219	0.214161	0.225479
0.11806	0.123496	0.139132	0.125789	0.12662
0.138976	0.10712	0.115492	0.123227	0.121174
0.04556	0.0427627	0.0349276	0.0364753	0.0399582
-0.103937	0.256219	-0.0775616	-0.0120619	0.0140823
-0.0655699	0.126288	-0.0684367	0.0430419	0.00826517
0.00823081	-0.00193492	0.0277277	-0.081025	-0.0110876
-0.0251338	-0.0845293	-0.0261025	-0.0370475	-0.043183
-0.234802	0.220515	-0.232291	-0.0303794	-0.0683648
-0.2499	0.219693	-0.237683	-0.0748434	-0.0842632
-0.242991	0.221414	-0.298445	-0.0887483	-0.0997396
-0.267709	0.173701	-0.260957	-0.107686	-0.113075
-0.15725	-0.126066	-0.13408	-0.141779	-0.139761
-0.148082	-0.148918	-0.136916	-0.137384	-0.142862
-0.34797	0.0293841	-0.389929	-0.219596	-0.225659
-0.368801	0.00110567	-0.393318	-0.233307	-0.242194
-0.241707	-0.25763	-0.284278	-0.255606	-0.259766
-0.305579	-0.321765	-0.307444	-0.304235	-0.309776
-0.381541	-0.22746	-0.328019	-0.368737	-0.324686
-0.38937	-0.416786	-0.479899	-0.422833	-0.426698
-0.422192	-0.469877	-0.382783	-0.445592	-0.429393
-0.444726	-0.475184	-0.510843	-0.459018	-0.472213
