2.4269	2.48085	2.5437	2.51572	2.49153
2.37629	2.38971	2.4403	2.39217	2.39965
2.37929	2.32601	2.34177	2.31402	2.33853
2.30226	2.31201	2.26961	2.2264	2.27557
2.26596	2.21365	2.2759	2.29372	2.26115
2.23243	2.1992	2.35927	2.2152	2.2477
2.18168	2.11534	2.14234	2.0612	2.12143
1.97082	1.95461	1.97044	1.92853	1.95536
1.98903	1.95564	1.9159	1.93533	1.94703
1.65796	1.66289	1.6542	1.63621	1.65256
1.61723	1.66771	1.62494	1.6573	1.64198
1.64112	1.6059	1.62543	1.64638	1.6291
1.66935	1.56544	1.66903	1.61127	1.62556
1.5992	1.58747	1.66474	1.61414	1.61595
1.58993	1.59983	1.58385	1.6127	1.59662
1.48552	1.50393	1.5284	1.48374	1.50049
1.48674	1.47053	1.5376	1.47979	1.49316
1.36234	1.34529	1.38547	1.35585	1.36202
1.33562	1.32302	1.33655	1.31284	1.32667
1.33268	1.29784	1.31298	1.28507	1.30611
1.30448	1.27437	1.29148	1.25926	1.28149
1.27187	1.26543	1.28436	1.26038	1.2704
1.14668	1.14202	1.14199	1.13696	1.14177
1.13519	1.10818	1.12843	1.11992	1.12249
1.10331	1.1226	1.12433	1.13295	1.12118
0.993722	1.00801	1.01366	1.00349	1.00499
1.00137	0.992178	1.00956	0.992654	0.998832
1.00608	0.984042	0.97489	0.990275	0.988208
0.904296	0.900005	0.898889	0.891476	0.898491
0.899264	0.876603	0.88171	0.888841	0.886182
0.881392	0.888073	0.888977	0.880362	0.884785
0.842471	0.833889	0.903799	0.814478	0.847898
0.771734	0.767354	0.7881	0.780512	0.777026
0.747848	0.738838	0.740696	0.739603	0.741564
0.75183	0.733085	0.746845	0.70894	0.7345
0.652057	0.663847	0.680253	0.671802	0.667342
0.633748	0.655643	0.672331	0.651932	0.653848
0.604883	0.587757	0.599838	0.601949	0.598401
0.595875	0.578035	0.587406	0.586036	0.586558
0.570612	0.558045	0.569803	0.570791	0.567202
0.531637	0.550827	0.572852	0.55748	0.553683
0.508839	0.531648	0.498723	0.53235	0.517995
0.492654	0.482565	0.48439	0.478143	0.484192
0.476441	0.477935	0.478582	0.477018	0.477524
0.429257	0.464774	0.444458	0.462638	0.450756
0.432475	0.419773	0.433437	0.427185	0.428086
0.420226	0.401447	0.409797	0.41494	0.411334
0.419727	0.418385	0.414634	0.388415	0.409948
0.365033	0.382325	0.404984	0.39322	0.386904
0.36208	0.35945	0.360249	0.352868	0.358562
0.33377	0.320811	0.339785	0.325669	0.329888
0.33193	0.335087	0.349427	0.284636	0.324861
0.296535	0.304144	0.325799	0.29588	0.305803
0.301628	0.294327	0.287713	0.292304	0.293764
0.291351	0.276472	0.276577	0.281582	0.281202
0.237738	0.248226	0.278484	0.252303	0.254596
0.256354	0.233486	0.260445	0.249604	0.249766
0.206222	0.214819	0.214346	0.219264	0.213866
0.181828	0.170747	0.172988	0.176729	0.175391
0.140425	0.138652	0.165227	0.141206	0.146536
0.135725	0.133062	0.14114	0.139702	0.137455
0.111274	0.126349	0.13615	0.126978	0.125575
0.128333	0.101484	0.116276	0.126888	0.117941
0.113959	0.105533	0.109439	0.105288	0.108402
0.127112	0.0938472	0.116906	0.0830564	0.104585
0.0628043	0.0635222	0.061378	0.0407106	0.0569428
0.049847	0.0526504	0.0449079	0.0474303	0.0486736
0.0275333	0.0510923	0.0616002	0.0445816	0.0467306
0.0298772	0.0473543	0.0508079	0.0379974	0.0418408
0.0258379	0.0339287	0.0315696	0.0207993	0.0280986
0.0139251	0.0255796	0.0239105	0.0260853	0.0226129
0.0105867	0.0116002	0.00594858	-0.00184207	0.00646112
0.010786	-0.00840603	-0.00475441	0.0141385	0.00271203
-0.0310743	-0.0329513	-0.0235122	-0.0261297	-0.0283382
-0.036862	-0.0471318	-0.0405632	-0.0505473	-0.0439655
-0.0532465	-0.0780347	-0.0643567	-0.0652606	-0.0655547
-0.105759	-0.0894067	-0.0652906	-0.0864172	-0.0861432
-0.0960638	-0.119245	-0.102213	-0.0954372	-0.103429
-0.0967699	-0.117212	-0.111552	-0.126026	-0.113324
-0.14242	-0.119516	-0.11434	-0.110111	-0.120983
-0.138432	-0.146444	-0.142866	-0.144124	-0.143092
-0.152982	-0.138789	-0.143593	-0.141297	-0.143912
-0.151698	-0.155449	-0.158772	-0.1623	-0.157203
-0.147952	-0.173745	-0.164906	-0.187347	-0.169016
-0.184171	-0.175823	-0.175889	-0.17983	-0.178776
-0.185421	-0.197464	-0.185769	-0.192094	-0.190312
-0.19017	-0.202935	-0.193745	-0.19298	-0.195086
-0.205169	-0.210818	-0.18739	-0.219217	-0.205608
-0.213665	-0.228349	-0.224522	-0.243788	-0.227934
-0.245428	-0.237063	-0.214675	-0.227748	-0.230778
-0.209808	-0.252126	-0.212562	-0.253944	-0.232588
-0.227524	-0.234535	-0.241762	-0.238232	-0.235734
-0.281429	-0.283547	-0.283876	-0.275002	-0.280949
-0.28038	-0.297807	-0.294528	-0.306067	-0.295065
-0.293746	-0.302145	-0.290277	-0.301313	-0.296943
-0.297429	-0.302445	-0.288452	-0.301863	-0.297531
-0.310292	-0.312072	-0.314786	-0.30722	-0.311116
-0.332563	-0.308905	-0.30108	-0.315476	-0.313935
-0.342086	-0.332014	-0.325748	-0.34249	-0.335372
-0.334231	-0.348033	-0.339785	-0.338726	-0.340351
-0.353618	-0.349902	-0.354669	-0.354172	-0.353075
-0.359664	-0.360918	-0.360249	-0.35167	-0.358078
-0.383707	-0.389414	-0.383713	-0.382345	-0.384821
-0.395267	-0.404505	-0.390952	-0.419652	-0.402727
-0.403763	-0.40675	-0.400847	-0.406075	-0.40437
-0.406652	-0.418662	-0.415515	-0.411571	-0.413274
-0.405668	-0.418607	-0.409797	-0.419764	-0.413657
-0.432412	-0.42607	-0.409633	-0.422268	-0.422274
-0.424041	-0.426126	-0.417392	-0.425898	-0.423334
-0.42448	-0.420996	-0.432819	-0.420208	-0.424624
-0.421288	-0.432579	-0.4308	-0.426793	-0.428043
-0.435642	-0.434044	-0.432483	-0.432803	-0.433688
-0.451961	-0.441744	-0.44799	-0.454063	-0.448841
-0.463658	-0.433818	-0.445937	-0.455333	-0.449223
-0.448031	-0.447676	-0.45165	-0.45084	-0.449592
-0.444373	-0.447104	-0.457398	-0.452969	-0.450623
-0.442646	-0.451863	-0.455497	-0.453775	-0.451169
-0.463528	-0.464016	-0.449818	-0.450093	-0.456645
-0.433994	-0.453474	-0.479173	-0.473651	-0.460648
-0.468381	-0.464891	-0.464985	-0.466781	-0.466197
-0.467132	-0.467636	-0.460402	-0.479269	-0.468617
-0.47664	-0.471741	-0.48077	-0.474477	-0.475884
