5.32647	5.32534	5.32613	5.32515	5.32577
5.32647	5.32534	5.32613	5.32515	5.32577
5.32647	5.02431	5.32613	5.02412	5.14968
5.32647	5.32534	4.84901	5.02412	5.08273
4.84934	5.02431	4.48102	4.32513	4.5854
4.62749	4.48023	4.32611	4.72308	4.51285
4.62749	4.72327	4.24693	4.48004	4.48066
4.7244	4.84821	4.37187	4.06984	4.39634
4.07116	4.84821	4.72407	4.04636	4.28436
4.00421	4.37108	4.21217	4.54699	4.23761
4.24727	4.84821	4.32611	3.92716	4.22884
4.2125	4.84821	4.32611	3.92716	4.22024
4.28506	3.87813	3.84895	4.54699	4.05274
3.86401	4.42223	4.02506	3.86269	3.99329
4.2125	3.87813	3.92814	3.94489	3.97355
4.04768	3.71247	3.94587	3.94489	3.89436
4.0254	3.82013	3.76976	3.94489	3.87856
3.9647	4.09486	3.86368	3.65296	3.86332
4.2125	3.63504	3.48714	4.48004	3.78789
3.92848	3.42755	3.91111	4.24595	3.77547
3.94621	3.69178	3.69258	3.34723	3.61598
3.26554	3.50566	3.41748	3.31634	3.36655
3.57048	3.26441	3.13269	3.20103	3.2639
3.48123	3.08443	3.28452	3.29555	3.2639
3.32194	3.18834	3.29653	3.00458	3.18404
3.219	3.18204	2.98723	3.06951	3.10467
3.13025	3.07947	3.05159	3.14586	3.10012
3.02286	3.00063	3.02687	3.26422	3.06653
3.20893	3.00685	2.62095	2.89485	2.88038
2.67525	2.58862	2.62527	2.63218	2.62927
2.79302	2.5352	2.6244	2.60061	2.62862
2.47499	2.3751	2.26804	2.52107	2.39873
2.04566	2.19255	2.18948	2.30263	2.17288
2.13635	2.12481	2.08911	2.14509	2.12331
2.09901	2.08221	1.98258	2.21667	2.08734
1.5623	1.90449	1.69324	1.79225	1.72033
1.55455	1.51658	1.51008	1.49661	1.51898
1.40488	1.49264	1.32591	1.37309	1.39525
1.41293	1.26928	1.3539	1.33831	1.3409
1.2773	1.19563	1.17139	1.20311	1.21032
1.13335	1.22911	1.14438	1.01419	1.12441
1.12773	1.11494	1.10871	1.06718	1.10415
1.10058	1.10746	1.10966	1.09196	1.10237
1.14622	1.10673	1.04469	1.08285	1.0938
0.785084	0.823744	0.803074	0.805612	0.804208
0.764951	0.710056	0.760674	0.772379	0.751536
0.632405	0.657898	0.666705	0.662787	0.654807
0.646261	0.642452	0.635567	0.658808	0.645714
0.554767	0.608764	0.587331	0.589707	0.584868
0.543627	0.498271	0.509805	0.53123	0.520548
0.458186	0.452967	0.446162	0.453255	0.452633
0.397863	0.477973	0.441423	0.446042	0.44036
0.281977	0.321342	0.338427	0.342353	0.320776
0.322973	0.26809	0.311327	0.36691	0.316823
0.264837	0.268496	0.263878	0.276723	0.268469
0.0802026	0.165627	0.0988251	0.235653	0.144256
0.268045	0.157229	0.0900569	0.031652	0.135347
-0.00608652	0.0263185	0.0673338	0.16119	0.0617487
0.0391992	0.0505795	0.0271607	0.0419001	0.0397
0.0706531	0.0397006	-0.014069	-0.00649534	0.0224247
-0.0473621	0.0317698	-0.000631248	0.00333185	-0.00324297
-0.00530828	-0.013072	-0.0130604	-0.012412	-0.0109602
0.0523262	-0.0305774	-0.146115	-0.118201	-0.0601883
-0.160051	-0.14126	-0.143014	-0.165957	-0.152547
-0.157171	-0.188266	-0.179799	-0.152313	-0.169336
-0.0952313	-0.191065	-0.25016	-0.277395	-0.202193
-0.231555	-0.339773	-0.2981	-0.299056	-0.291532
-0.289	-0.292401	-0.288418	-0.299684	-0.292364
-0.305476	-0.296059	-0.298791	-0.299324	-0.299911
-0.349418	-0.379512	-0.379176	-0.403659	-0.377747
-0.409814	-0.396029	-0.39904	-0.344573	-0.387085
-0.428297	-0.429598	-0.430645	-0.421648	-0.427543
-0.465172	-0.445295	-0.428291	-0.424663	-0.440728
-0.421202	-0.452637	-0.487397	-0.540143	-0.47419
-0.505002	-0.475827	-0.472363	-0.453607	-0.476524
